NUM_STAGE:5

POWER_SECTION
1 [4,20]
2 [2,4]
3 [4,0]
4 [1,11]
5 [1,13]
6 [0,16]
7 [0,20]
end

LATENCY_SECTION
1 1 0.1
1 2 167
1 3 184
1 4 44
1 5 124
1 6 126
1 7 185
2 2 0.1
2 3 163
2 4 45
2 5 86
2 6 222
2 7 216
3 3 0.1
3 4 103
3 5 126
3 6 191
3 7 143
4 4 0.1
4 5 41
4 6 88
4 7 20
5 5 0.1
5 6 98
5 7 191
6 6 0.1
6 7 111
7 7 0.1
end

BANDWIDTH_SECTION
1 1 200
1 2 0.332
1 3 0.956
1 4 0.634
1 5 1.119
1 6 0.881
1 7 0.688
2 2 200
2 3 1.189
2 4 0.388
2 5 0.308
2 6 0.339
2 7 0.736
3 3 200
3 4 0.747
3 5 0.617
3 6 0.995
3 7 1.201
4 4 200
4 5 1.190
4 6 0.984
4 7 0.313
5 5 200
5 6 0.693
5 7 0.623
6 6 0.693
6 7 0.850
7 7 200
end
