NUM_STAGE:5

POWER_SECTION
1 [4,20]
2 [2,4]
3 [4,0]
4 [1,11]
5 [1,13]
6 [0,16]
7 [0,20]
end

LATENCY_SECTION
1 1 5
1 2 56
1 3 120
1 4 70
1 5 60
1 6 85
1 7 90
2 2 5
2 3 80
2 4 107
2 5 43
2 6 56
2 7 40
3 3 5
3 4 82
3 5 90
3 6 103
3 7 110
4 4 5
4 5 112
4 6 77
4 7 83
5 5 5
5 6 65
5 7 38
6 6 5
6 7 69
7 7 5
end

BANDWIDTH_SECTION
1 1 2000
1 2 500
1 3 464
1 4 400
1 5 395
1 6 580
1 7 360
2 2 2000
2 3 350
2 4 550
2 5 520
2 6 460
2 7 320
3 3 2000
3 4 380
3 5 420
3 6 432
3 7 490
4 4 2000
4 5 430
4 6 570
4 7 350
5 5 2000
5 6 370
5 7 400
6 6 2000
6 7 480
7 7 2000
end
